image_width: 2592
image_height: 1944
camera_name: head_camera
camera_matrix:
  rows: 3
  cols: 3
  data: [1254.815081 0.000000 1285.635451 0.000000 1263.629156 933.418059 0.000000 0.000000 1.000000]
distortion_model: plumb_bob
distortion_coefficients:
  rows: 1
  cols: 5
  data: [-0.234564 0.034041 -0.000439 -0.001544 0.000000]
rectification_matrix:
  rows: 3
  cols: 3
  data: [1.000000, 0.000000, 0.000000, 0.000000, 1.000000, 0.000000, 0.000000, 0.000000, 1.000000]
projection_matrix:
  rows: 3
  cols: 4
  data: [814.320496 0.000000 1291.395303 0.000000 0.000000 1034.014160 908.665917 0.000000 0.000000 0.000000 1.000000 0.000000]
